-5000	25	1.4	0	1.4	0	0.15	25	0	0	0	25
0	25	1.4	0	1.4	0	0.15	25	0	0	0	25
1	25	1.4	0	1.4	0	0.15	25	0	0	0	25
2	25	1.4	0	1.4	0	0.15	25	0	0	0	25
3	25	1.4	0	1.4	0	0.15	25	0	0	0	25
4	25	1.4	0	1.4	0	0.15	25	0	0	0	25
5	25	1.4	0	1.4	0	0.15	25	0	0	0	25
6	25	1.4	0	1.4	0	0.15	25	0	0	0	25
7	25	1.4	0	1.4	0	0.15	25	0	0	0	25
8	25	1.4	0	1.4	0	0.15	25	0	0	0	25
9	25	1.4	0	1.4	0	0.15	25	0	0	0	25
10	25	1.4	0	1.4	0	0.15	25	0	0	0	25
11	25	1.4	0	1.4	0	0.15	25	0	0	0	25
12	25	1.4	0	1.4	0	0.15	25	0	0	0	25
13	25	1.4	0	1.4	0	0.15	25	0	0	0	25
14	25	1.4	0	1.4	0	0.15	25	0	0	0	25
15	25	1.4	0	1.4	0	0.15	25	0	0	0	25
16	25	1.4	0	1.4	0	0.15	25	0	0	0	25
17	25	1.4	0	1.4	0	0.15	25	0	0	0	25
18	25	2.5	0	4.5	0	1.4	25	0	0	0	25
19	25	2.5	0	4.5	0	1.4	25	0	0	0	25
20	25	2.5	0	4.5	0	1.4	25	0	0	0	25
21	25	2.5	0	4.5	0	1.4	25	0	0	0	25
22	25	2.5	0	4.5	0	1.4	25	0	0	0	25
23	25	2.5	0	4.5	0	1.4	25	0	0	0	25
24	25	2.5	0	4.5	0	1.4	25	0	0	0	25
25	25	2.5	0	4.5	0	1.4	25	0	0	0	25
26	25	2.5	0	4.5	0	1.4	25	0	0	0	25
27	25	2.5	0	4.5	0	1.4	25	0	0	0	25
28	25	2.5	0	4.5	0	1.4	25	0	0	0	25
29	25	2.5	0	4.5	0	1.4	25	0	0	0	25
30	25	2.5	0	4.5	0	1.4	25	0	0	0	25
31	25	2.5	0	4.5	0	1.4	25	0	0	0	25
32	25	2.5	0	4.5	0	1.4	25	0	0	0	25
33	25	2.5	0	4.5	0	1.4	25	0	0	0	25
34	25	2.5	0	4.5	0	1.4	25	0	0	0	25
35	25	2.5	0	4.5	0	1.4	25	0	0	0	25
36	25	2.5	0	4.5	0	1.4	25	0	0	0	25
37	25	2.5	0	4.5	0	1.4	25	0	0	0	25
38	25	2.5	0	4.5	0	1.4	25	0	0	0	25
39	25	2.5	0	4.5	0	1.4	25	0	0	0	25
40	25	2.5	0	4.5	0	1.4	25	0	0	0	25
41	25	2.5	0	4.5	0	1.4	25	0	0	0	25
42	25	2.5	0	4.5	0	1.4	25	0	0	0	25
43	25	2.5	0	4.5	0	1.4	25	0	0	0	25
44	25	2.5	0	4.5	0	1.4	25	0	0	0	25
45	25	2.5	0	4.5	0	1.4	25	0	0	0	25
46	25	2.5	0	4.5	0	1.4	25	0	0	0	25
47	25	2.5	0	4.5	0	1.4	25	0	0	0	25
48	25	2.5	0	4.5	0	1.4	25	0	0	0	25
49	25	2.5	0	4.5	0	1.4	25	0	0	0	25
50	25	2.5	0	4.5	0	1.4	25	0	0	0	25
51	25	2.5	0	4.5	0	1.4	25	0	0	0	25
52	25	2.5	0	4.5	0	1.4	25	0	0	0	25
53	25	2.5	0	4.5	0	1.4	25	0	0	0	25
54	25	2.5	0	4.5	0	1.4	25	0	0	0	25
55	25	2.5	0	4.5	0	1.4	25	0	0	0	25
56	25	2.5	0	4.5	0	1.4	25	0	0	0	25
57	25	2.5	0	4.5	0	1.4	25	0	0	0	25
58	25	2.5	0	4.5	0	1.4	25	0	0	0	25
59	25	2.5	0	4.5	0	1.4	25	0	0	0	25
60	25	2.5	0	4.5	0	1.4	25	0	0	0	25
61	25	2.5	0	4.5	0	1.4	25	0	0	0	25
62	25	2.5	0	4.5	0	1.4	25	0	0	0	25
63	25	2.5	0	4.5	0	1.4	25	0	0	0	25
64	25	2.5	0	4.5	0	1.4	25	0	0	0	25
65	25	2.5	0	4.5	0	1.4	25	0	0	0	25
66	25	2.5	0	4.5	0	1.4	25	0	0	0	25
67	25	2.5	0	4.5	0	1.4	25	0	0	0	25
68	25	2.5	0	4.5	0	1.4	25	0	0	0	25
69	25	2.5	0	4.5	0	1.4	25	0	0	0	25
70	25	2.5	0	4.5	0	1.4	25	0	0	0	25
71	25	2.5	0	4.5	0	1.4	25	0	0	0	25
72	25	2.5	0	4.5	0	1.4	25	0	0	0	25
73	25	2.5	0	4.5	0	1.4	25	0	0	0	25
74	25	2.5	0	4.5	0	1.4	25	0	0	0	25
75	25	2.5	0	4.5	0	1.4	25	0	0	0	25
76	25	2.5	0	4.5	0	1.4	25	0	0	0	25
77	25	2.5	0	4.5	0	1.4	25	0	0	0	25
78	25	2.5	0	4.5	0	1.4	25	0	0	0	25
79	25	2.5	0	4.5	0	1.4	25	0	0	0	25
80	25	2.5	0	4.5	0	1.4	25	0	0	0	25
81	25	2.5	0	4.5	0	1.4	25	0	0	0	25
82	25	2.5	0	4.5	0	1.4	25	0	0	0	25
83	25	2.5	0	4.5	0	1.4	25	0	0	0	25
84	25	2.5	0	4.5	0	1.4	25	0	0	0	25
85	25	2.5	0	4.5	0	1.4	25	0	0	0	25
86	25	2.5	0	4.5	0	1.4	25	0	0	0	25
87	25	2.5	0	4.5	0	1.4	25	0	0	0	25
88	25	2.5	0	4.5	0	1.4	25	0	0	0	25
89	25	2.5	0	4.5	0	1.4	25	0	0	0	25
90	25	2.5	0	4.5	0	1.4	25	0	0	0	25
91	25	2.5	0	4.5	0	1.4	25	0	0	0	25
92	25	2.5	0	4.5	0	1.4	25	0	0	0	25
93	25	2.5	0	4.5	0	1.4	25	0	0	0	25
94	25	2.5	0	4.5	0	1.4	25	0	0	0	25
95	25	2.5	0	4.5	0	1.4	25	0	0	0	25
96	25	2.5	0	4.5	0	1.4	25	0	0	0	25
97	25	2.5	0	4.5	0	1.4	25	0	0	0	25
98	25	2.5	0	4.5	0	1.4	25	0	0	0	25
99	25	2.5	0	4.5	0	1.4	25	0	0	0	25
100	25	2.5	0	4.5	0	1.4	25	0	0	0	25
110	25	2.5	0	4.5	0	1.4	25	0	0	0	25
120	25	2.5	0	4.5	0	1.4	25	0	0	0	25
130	25	2.5	0	4.5	0	1.4	25	0	0	0	25
140	25	2.5	0	4.5	0	1.4	25	0	0	0	25
150	25	2.5	0	4.5	0	1.4	25	0	0	0	25
160	25	2.5	0	4.5	0	1.4	25	0	0	0	25
170	25	2.5	0	4.5	0	1.4	25	0	0	0	25
180	25	2.5	0	4.5	0	1.4	25	0	0	0	25
190	25	2.5	0	4.5	0	1.4	25	0	0	0	25
200	25	2.5	0	4.5	0	1.4	25	0	0	0	25
210	25	2.5	0	4.5	0	1.4	25	0	0	0	25
220	25	2.5	0	4.5	0	1.4	25	0	0	0	25
230	25	2.5	0	4.5	0	1.4	25	0	0	0	25
240	25	2.5	0	4.5	0	1.4	25	0	0	0	25
250	25	2.5	0	4.5	0	1.4	25	0	0	0	25
260	25	2.5	0	4.5	0	1.4	25	0	0	0	25
270	25	2.5	0	4.5	0	1.4	25	0	0	0	25
280	25	2.5	0	4.5	0	1.4	25	0	0	0	25
290	25	2.5	0	4.5	0	1.4	25	0	0	0	25
300	25	2.5	0	4.5	0	1.4	25	0	0	0	25
350	25	2.5	0	4.5	0	1.4	25	0	0	0	25
400	25	2.5	0	4.5	0	1.4	25	0	0	0	25
450	25	2.5	0	4.5	0	1.4	25	0	0	0	25
500	25	2.5	0	4.5	0	1.4	25	0	0	0	25
550	25	2.5	0	4.5	0	1.4	25	0	0	0	25
600	25	2.5	0	4.5	0	1.4	25	0	0	0	25
650	25	2.5	0	4.5	0	1.4	25	0	0	0	25
700	25	2.5	0	4.5	0	1.4	25	0	0	0	25
750	25	2.5	0	4.5	0	1.4	25	0	0	0	25
800	25	2.5	0	4.5	0	1.4	25	0	0	0	25
850	25	2.5	0	4.5	0	1.4	25	0	0	0	25
900	25	2.5	0	4.5	0	1.4	25	0	0	0	25
950	25	2.5	0	4.5	0	1.4	25	0	0	0	25
1000	25	2.5	0	4.5	0	1.4	25	0	0	0	25
1100	25	2.5	0	4.5	0	1.4	25	0	0	0	25
1200	25	2.5	0	4.5	0	1.4	25	0	0	0	25
1300	25	2.5	0	4.5	0	1.4	25	0	0	0	25
1400	25	2.5	0	4.5	0	1.4	25	0	0	0	25
1500	25	2.5	0	4.5	0	1.4	25	0	0	0	25
1600	25	2.5	0	4.5	0	1.4	25	0	0	0	25
1700	25	2.5	0	4.5	0	1.4	25	0	0	0	25
1800	25	2.5	0	4.5	0	1.4	25	0	0	0	25
1900	25	2.5	0	4.5	0	1.4	25	0	0	0	25
2000	25	2.5	0	4.5	0	1.4	25	0	0	0	25
2100	25	2.5	0	4.5	0	1.4	25	0	0	0	25
2200	25	2.5	0	4.5	0	1.4	25	0	0	0	25
2300	25	2.5	0	4.5	0	1.4	25	0	0	0	25
2400	25	2.5	0	4.5	0	1.4	25	0	0	0	25
2500	25	2.5	0	4.5	0	1.4	25	0	0	0	25
2600	25	2.5	0	4.5	0	1.4	25	0	0	0	25
2700	25	2.5	0	4.5	0	1.4	25	0	0	0	25
2800	25	2.5	0	4.5	0	1.4	25	0	0	0	25
2900	25	2.5	0	4.5	0	1.4	25	0	0	0	25
3000	25	2.5	0	4.5	0	1.4	25	0	0	0	25
3100	25	2.5	0	4.5	0	1.4	25	0	0	0	25
3200	25	2.5	0	4.5	0	1.4	25	0	0	0	25
3300	25	2.5	0	4.5	0	1.4	25	0	0	0	25
3400	25	2.5	0	4.5	0	1.4	25	0	0	0	25
3500	25	2.5	0	4.5	0	1.4	25	0	0	0	25
3600	25	2.5	0	4.5	0	1.4	25	0	0	0	25
3700	25	2.5	0	4.5	0	1.4	25	0	0	0	25
3800	25	2.5	0	4.5	0	1.4	25	0	0	0	25
3900	25	2.5	0	4.5	0	1.4	25	0	0	0	25
4000	25	2.5	0	4.5	0	1.4	25	0	0	0	25
4100	25	2.5	0	4.5	0	1.4	25	0	0	0	25
4200	25	2.5	0	4.5	0	1.4	25	0	0	0	25
4300	25	2.5	0	4.5	0	1.4	25	0	0	0	25
4400	25	2.5	0	4.5	0	1.4	25	0	0	0	25
4500	25	2.5	0	4.5	0	1.4	25	0	0	0	25
4600	25	2.5	0	4.5	0	1.4	25	0	0	0	25
4700	25	2.5	0	4.5	0	1.4	25	0	0	0	25
4800	25	2.5	0	4.5	0	1.4	25	0	0	0	25
4900	25	2.5	0	4.5	0	1.4	25	0	0	0	25
5000	25	2.5	0	4.5	0	1.4	25	0	0	0	25
5100	25	2.5	0	4.5	0	1.4	25	0	0	0	25
5200	25	2.5	0	4.5	0	1.4	25	0	0	0	25
5300	25	2.5	0	4.5	0	1.4	25	0	0	0	25
